"time","J1_w","J2_w","J3_w","J4_w"
0,10,0,0,0
0.0015,9.9847,0.015691,-9.4369E-16,-9.43689E-16
0.003,9.97079,0.030691,-1.51615E-15,-1.51617E-15
0.0045,9.95758,0.0456908,-3.67761E-16,-3.67761E-16
0.006,9.94508,0.0606906,-1.10328E-15,-1.10328E-15
0.0075,9.93327,0.0756901,-2.88658E-15,-2.88654E-15
0.009,9.92214,0.0906894,-1.17961E-15,-1.17956E-15
0.0105,9.9117,0.105688,1.52656E-15,1.52663E-15
0.012,9.90192,0.120687,1.76248E-15,1.76258E-15
0.0135,9.8928,0.135685,-4.44089E-16,-4.44015E-16
0.015,9.88432,0.150683,-4.41314E-15,-4.41301E-15
0.0165,9.87648,0.16568,-5.10703E-15,-5.10687E-15
0.018,9.86925,0.180677,-2.16493E-15,-2.16477E-15
0.0195,9.86261,0.195673,-2.7478E-15,-2.74765E-15
0.021,9.85655,0.210669,-1.38778E-15,-1.38763E-15
0.0225,9.85105,0.225663,-8.60423E-16,-8.60236E-16
0.024,9.84609,0.240657,-2.498E-15,-2.49779E-15
0.0255,9.84164,0.25565,-1.16573E-15,-1.16554E-15
0.027,9.83768,0.270642,-5.55112E-16,-5.54857E-16
0.0285,9.83419,0.285634,9.4369E-16,9.43995E-16
0.03,9.83115,0.300624,2.16493E-15,2.16526E-15
0.0315,9.82852,0.315613,2.9976E-15,2.99797E-15
0.033,9.82627,0.330601,3.55271E-15,3.5531E-15
0.0345,9.82439,0.345588,3.10862E-15,3.10914E-15
0.036,9.82283,0.360574,3.66374E-15,3.66442E-15
0.0375,9.82158,0.375558,4.05231E-15,4.05331E-15
0.039,9.82059,0.390542,3.38618E-15,3.38778E-15
0.0405,9.81985,0.405523,3.88578E-16,3.8976E-16
0.042,9.81931,0.420504,4.05231E-15,4.05327E-15
0.0435,9.81895,0.435483,3.88578E-15,3.88659E-15
0.045,9.81874,0.45046,1.66533E-15,1.66572E-15
0.0465,9.81863,0.465436,3.4972E-15,3.49751E-15
0.048,9.8186,0.48041,2.88658E-15,2.88689E-15
0.0495,9.81862,0.495383,4.996E-16,4.9991E-16
0.051,9.81864,0.510353,2.22045E-16,2.22353E-16
0.0525,9.81865,0.525322,3.33067E-16,3.33373E-16
0.054,9.8186,0.54029,-3.88578E-15,-3.88548E-15
0.0555,9.81846,0.555255,3.33067E-16,3.3336E-16
0.057,9.8182,0.570218,-1.55431E-15,-1.55401E-15
0.0585,9.81779,0.585179,-1.9984E-15,-1.99811E-15
0.06,9.81719,0.600139,1.9984E-15,1.99869E-15
0.0615,9.81637,0.615096,2.55351E-15,2.5538E-15
0.063,9.81531,0.630051,3.33067E-15,3.33095E-15
0.0645,9.81396,0.645003,2.88658E-15,2.88685E-15
0.066,9.81231,0.659954,1.22125E-15,1.2215E-15
0.0675,9.81031,0.674902,1.22125E-15,1.22149E-15
0.069,9.80795,0.689848,3.10862E-15,3.10883E-15
0.0705,9.80519,0.704791,9.99201E-16,9.99368E-16
0.072,9.80201,0.719732,2.22045E-15,2.22054E-15
0.0735,9.79838,0.73467,-7.77156E-16,-7.77178E-16
0.075,9.79427,0.749606,-2.44249E-15,-2.44267E-15
0.0765,9.78967,0.764539,7.77156E-16,7.7712E-16
0.078,9.78454,0.77947,1.22125E-15,1.22125E-15
0.0795,9.77887,0.794397,3.9968E-15,3.99682E-15
0.081,9.77264,0.809322,-4.44089E-16,-4.44047E-16
0.0825,9.76583,0.824244,2.77556E-15,2.77564E-15
0.084,9.75842,0.839163,2.88658E-15,2.88661E-15
0.0855,9.75038,0.854079,7.21645E-15,7.21649E-15
0.087,9.74172,0.868992,4.44089E-16,4.44113E-16
0.0885,9.73241,0.883902,3.9968E-15,3.99682E-15
0.09,9.72244,0.898809,3.33067E-16,3.33062E-16
0.0915,9.71181,0.913713,-4.44089E-16,-4.44049E-16
0.093,9.70049,0.928614,3.88578E-15,3.88582E-15
0.0945,9.68849,0.943511,-8.88178E-16,-8.88188E-16
0.096,9.67579,0.958405,2.22045E-16,2.2198E-16
0.0975,9.6624,0.973296,-3.9968E-15,-3.99696E-15
0.099,9.6483,0.988183,-3.44169E-15,-3.44193E-15
0.1005,9.6335,1.00307,-1.77636E-15,-1.77669E-15
0.102,9.618,1.01795,-4.44089E-16,-4.44428E-16
0.1035,9.6018,1.03282,4.44089E-16,4.43718E-16
0.105,9.5849,1.0477,1.55431E-15,1.55399E-15
0.1065,9.5673,1.06256,3.33067E-15,3.3303E-15
0.108,9.54902,1.07743,0,-3.90939E-19
0.1095,9.53005,1.09229,3.9968E-15,3.9963E-15
0.111,9.51042,1.10715,2.22045E-15,2.21984E-15
0.1125,9.49012,1.122,-2.22045E-15,-2.22127E-15
0.114,9.46918,1.13685,5.77316E-15,5.77197E-15
0.1155,9.4476,1.1517,1.33227E-15,1.33028E-15
0.117,9.4254,1.16654,-1.55431E-15,-1.55779E-15
0.1185,9.4026,1.18138,5.55112E-15,5.54475E-15
0.12,9.37921,1.19621,-1.11022E-15,-1.1115E-15
0.1215,9.35525,1.21104,2.88658E-15,2.88785E-15
0.123,9.33075,1.22587,5.9952E-15,5.99377E-15
0.1245,9.30573,1.24069,5.32907E-15,5.32281E-15
0.126,9.2802,1.2555,4.88498E-15,4.88198E-15
0.1275,9.25419,1.27031,7.54952E-15,7.54834E-15
0.129,9.22773,1.28512,6.43929E-15,6.43901E-15
0.1305,9.20085,1.29992,4.21885E-15,4.21932E-15
0.132,9.17356,1.31472,3.55271E-15,3.55382E-15
0.1335,9.1459,1.32952,5.77316E-15,5.7748E-15
0.135,9.1179,1.34431,7.54952E-15,7.55156E-15
0.1365,9.08958,1.35909,7.10543E-15,7.10778E-15
0.138,9.06098,1.37387,4.21885E-15,4.22144E-15
0.1395,9.03212,1.38864,9.32587E-15,9.32863E-15
0.141,9.00304,1.40341,3.9968E-15,3.99971E-15
0.1425,8.97377,1.41818,6.88338E-15,6.88642E-15
0.144,8.94434,1.43294,6.88338E-15,6.8865E-15
0.1455,8.91478,1.44769,6.88338E-15,6.88657E-15
0.147,8.88514,1.46244,9.76996E-15,9.77321E-15
0.1485,8.85543,1.47718,7.54952E-15,7.5528E-15
0.15,8.82569,1.49192,1.06581E-14,1.06612E-14
0.1515,8.79597,1.50666,9.99201E-15,9.99514E-15
0.153,8.76628,1.52139,9.10383E-15,9.10704E-15
0.1545,8.73667,1.53611,8.88178E-15,8.88504E-15
0.156,8.70716,1.55083,6.88338E-15,6.88633E-15
0.1575,8.67779,1.56554,1.22125E-14,1.22149E-14
0.159,8.6486,1.58024,6.66134E-15,6.66373E-15
0.1605,8.6196,1.59495,7.54952E-15,7.55205E-15
0.162,8.59085,1.60964,5.9952E-15,5.99792E-15
0.1635,8.56236,1.62433,6.66134E-15,6.66422E-15
0.165,8.53417,1.63901,6.66134E-15,6.66433E-15
0.1665,8.50631,1.65369,9.99201E-15,9.99508E-15
0.168,8.4788,1.66836,8.43769E-15,8.44084E-15
0.1695,8.45168,1.68303,1.04361E-14,1.04393E-14
0.171,8.42498,1.69769,1.06581E-14,1.06614E-14
0.1725,8.39871,1.71235,9.10383E-15,9.10709E-15
0.174,8.37291,1.72699,9.32587E-15,9.32921E-15
0.1755,8.34761,1.74164,1.02141E-14,1.02172E-14
0.177,8.32281,1.75627,8.65974E-15,8.66264E-15
0.1785,8.29856,1.7709,1.06581E-14,1.06606E-14
0.18,8.27486,1.78552,7.32747E-15,7.32895E-15
0.1815,8.25174,1.80014,1.22125E-14,1.22121E-14
0.183,8.22922,1.81475,9.76996E-15,9.77502E-15
0.1845,8.20732,1.82936,7.77156E-15,7.77789E-15
0.186,8.18605,1.84395,9.54792E-15,9.55403E-15
0.1875,8.16542,1.85855,7.32747E-15,7.33329E-15
0.189,8.14545,1.87313,7.32747E-15,7.33326E-15
0.1905,8.12616,1.88771,4.66294E-15,4.66871E-15
0.192,8.10755,1.90228,3.9968E-15,4.00246E-15
0.1935,8.08963,1.91684,3.10862E-15,3.11417E-15
0.195,8.07241,1.9314,1.33227E-15,1.3378E-15
0.1965,8.05589,1.94595,1.11022E-15,1.11582E-15
0.198,8.04009,1.9605,3.77476E-15,3.78029E-15
0.1995,8.02499,1.97503,3.77476E-15,3.78031E-15
0.201,8.01061,1.98957,4.21885E-15,4.22443E-15
0.2025,7.99695,2.00409,2.22045E-15,2.22601E-15
0.204,7.98399,2.0186,1.33227E-15,1.33786E-15
0.2055,7.97175,2.03311,2.22045E-15,2.22604E-15
0.207,7.9602,2.04762,2.22045E-15,2.22604E-15
0.2085,7.94935,2.06211,2.22045E-15,2.22608E-15
0.21,7.9392,2.0766,3.10862E-15,3.11419E-15
0.2115,7.92972,2.09108,1.77636E-15,1.7818E-15
0.213,7.92091,2.10555,1.33227E-15,1.33743E-15
0.2145,7.91275,2.12001,-4.44089E-16,-4.39422E-16
0.216,7.90523,2.13447,1.77636E-15,1.78009E-15
0.2175,7.89835,2.14892,4.44089E-16,4.45919E-16
0.219,7.89207,2.16336,-2.22045E-15,-2.22229E-15
0.2205,7.88638,2.1778,-1.77636E-15,-1.77569E-15
0.222,7.88126,2.19222,0,2.134E-18
0.2235,7.8767,2.20664,1.77636E-15,1.77932E-15
0.225,7.87266,2.22106,1.77636E-15,1.78002E-15
0.2265,7.86914,2.23546,8.88178E-16,8.92461E-16
0.228,7.86609,2.24985,8.88178E-16,8.92953E-16
0.2295,7.8635,2.26424,8.88178E-16,8.93295E-16
0.231,7.86134,2.27862,1.77636E-15,1.78174E-15
0.2325,7.85959,2.29299,-1.33227E-15,-1.32665E-15
0.234,7.85821,2.30736,-8.88178E-16,-8.8238E-16
0.2355,7.85718,2.32171,0,5.93878E-18
0.237,7.85647,2.33606,-2.22045E-15,-2.2144E-15
0.2385,7.85604,2.3504,-4.44089E-16,-4.37957E-16
0.24,7.85588,2.36473,-4.44089E-16,-4.37885E-16
0.2415,7.85593,2.37905,-1.77636E-15,-1.77009E-15
0.243,7.85618,2.39336,-8.88178E-16,-8.8221E-16
0.2445,7.8566,2.40767,0,5.50511E-18
0.246,7.85714,2.42196,-2.22045E-15,-2.21582E-15
0.2475,7.85777,2.43625,-2.66454E-15,-2.65931E-15
0.249,7.85847,2.45053,-2.66454E-15,-2.65897E-15
0.2505,7.8592,2.4648,-3.55271E-15,-3.54695E-15
0.252,7.85992,2.47906,-3.10862E-15,-3.10219E-15
0.2535,7.86061,2.49332,-1.77636E-15,-1.76978E-15
0.255,7.86123,2.50756,-1.77636E-15,-1.76978E-15
0.2565,7.86174,2.5218,-1.33227E-15,-1.32568E-15
0.258,7.86212,2.53602,-2.66454E-15,-2.65794E-15
0.2595,7.86233,2.55024,-4.44089E-15,-4.4343E-15
0.261,7.86233,2.56445,-2.22045E-15,-2.21386E-15
0.2625,7.86211,2.57865,-3.10862E-15,-3.10203E-15
0.264,7.86163,2.59284,-1.33227E-15,-1.32562E-15
0.2655,7.86085,2.60702,-2.66454E-15,-2.65779E-15
0.267,7.85975,2.62119,-3.55271E-15,-3.54579E-15
0.2685,7.85829,2.63535,-2.66454E-15,-2.65723E-15
0.27,7.85646,2.64951,-3.55271E-15,-3.54566E-15
0.2715,7.85422,2.66365,-3.55271E-15,-3.54577E-15
0.273,7.85155,2.67778,-1.33227E-15,-1.32542E-15
0.2745,7.84841,2.69191,-2.22045E-15,-2.21372E-15
0.276,7.8448,2.70602,-8.88178E-16,-8.81536E-16
0.2775,7.84067,2.72013,-1.33227E-15,-1.32573E-15
0.279,7.83602,2.73423,-4.44089E-16,-4.37631E-16
0.2805,7.83082,2.74831,-4.44089E-16,-4.37662E-16
0.282,7.82505,2.76239,-4.44089E-16,-4.37681E-16
0.2835,7.81869,2.77646,0,6.3887E-18
0.285,7.81173,2.79051,4.44089E-16,4.50457E-16
0.2865,7.80414,2.80456,8.88178E-16,8.94525E-16
0.288,7.79592,2.8186,1.33227E-15,1.33857E-15
0.2895,7.78706,2.83262,0,6.22495E-18
0.291,7.77753,2.84664,-4.44089E-16,-4.3789E-16
0.2925,7.76734,2.86065,1.77636E-15,1.78254E-15
0.294,7.75647,2.87464,2.22045E-15,2.22661E-15
0.2955,7.74491,2.88863,1.77636E-15,1.7825E-15
0.297,7.73266,2.90261,1.33227E-15,1.33839E-15
0.2985,7.71972,2.91657,1.33227E-15,1.33835E-15
0.3,7.70609,2.93053,0,6.00669E-18
0.3015,7.69176,2.94447,4.44089E-16,4.50061E-16
0.303,7.67673,2.95841,1.33227E-15,1.33826E-15
0.3045,7.66101,2.97233,-8.88178E-16,-8.82152E-16
0.306,7.6446,2.98625,4.44089E-16,4.50149E-16
0.3075,7.62751,3.00015,8.88178E-16,8.94088E-16
0.309,7.60974,3.01404,1.77636E-15,1.78215E-15
0.3105,7.59131,3.02793,1.77636E-15,1.78193E-15
0.312,7.57221,3.0418,3.10862E-15,3.1137E-15
0.3135,7.55248,3.05566,3.10862E-15,3.1128E-15
0.315,7.5321,3.06951,1.33227E-15,1.33473E-15
0.3165,7.51111,3.08335,0,-7.92896E-19
0.318,7.48952,3.09717,1.33227E-15,1.3251E-15
0.3195,7.46735,3.11099,1.33227E-15,1.32932E-15
0.321,7.4446,3.1248,4.44089E-16,4.43636E-16
0.3225,7.42131,3.13859,1.33227E-15,1.33328E-15
0.324,7.3975,3.15237,2.22045E-15,2.22263E-15
0.3255,7.37318,3.16615,1.77636E-15,1.77952E-15
0.327,7.34838,3.17991,2.22045E-15,2.22438E-15
0.3285,7.32313,3.19366,8.88178E-16,8.92652E-16
0.33,7.29745,3.2074,1.33227E-15,1.33717E-15
0.3315,7.27137,3.22112,1.77636E-15,1.78161E-15
0.333,7.24491,3.23484,3.10862E-15,3.11417E-15
0.3345,7.2181,3.24854,3.9968E-15,4.00258E-15
0.336,7.19098,3.26224,4.44089E-15,4.44684E-15
0.3375,7.16356,3.27592,4.44089E-15,4.44697E-15
0.339,7.1359,3.28959,3.9968E-15,4.00297E-15
0.3405,7.108,3.30325,5.32907E-15,5.33531E-15
0.342,7.07991,3.31689,3.9968E-15,4.00254E-15
0.3435,7.05166,3.33053,3.9968E-15,4.00177E-15
0.345,7.02327,3.34415,5.32907E-15,5.33265E-15
0.3465,6.99479,3.35776,3.55271E-15,3.55724E-15
0.348,6.96625,3.37136,3.10862E-15,3.1137E-15
0.3495,6.93767,3.38495,4.44089E-15,4.44629E-15
0.351,6.9091,3.39852,5.32907E-15,5.33552E-15
0.3525,6.88056,3.41208,5.77316E-15,5.77982E-15
0.354,6.8521,3.42563,5.32907E-15,5.33574E-15
0.3555,6.82373,3.43917,4.88498E-15,4.89167E-15
0.357,6.7955,3.4527,6.21725E-15,6.22395E-15
0.3585,6.76744,3.46621,4.88498E-15,4.89169E-15
0.36,6.73957,3.47971,5.77316E-15,5.77987E-15
0.3615,6.71194,3.4932,3.9968E-15,4.00352E-15
0.363,6.68458,3.50668,5.32907E-15,5.33576E-15
0.3645,6.65751,3.52015,6.21725E-15,6.22387E-15
0.366,6.63076,3.5336,3.9968E-15,4.00331E-15
0.3675,6.60437,3.54704,4.44089E-15,4.44744E-15
0.369,6.57836,3.56047,5.77316E-15,5.77978E-15
0.3705,6.55276,3.57388,6.21725E-15,6.2239E-15
0.372,6.5276,3.58728,4.88498E-15,4.89164E-15
0.3735,6.5029,3.60067,6.66134E-15,6.66803E-15
0.375,6.47869,3.61405,7.10543E-15,7.11218E-15
0.3765,6.455,3.62741,6.21725E-15,6.22407E-15
0.378,6.43185,3.64076,7.54952E-15,7.5564E-15
0.3795,6.40925,3.6541,7.10543E-15,7.11236E-15
0.381,6.38723,3.66742,7.54952E-15,7.55646E-15
0.3825,6.36581,3.68074,7.10543E-15,7.11238E-15
0.384,6.34501,3.69403,7.99361E-15,8.00056E-15
0.3855,6.32483,3.70732,7.99361E-15,8.00055E-15
0.387,6.30531,3.72059,7.10543E-15,7.11242E-15
0.3885,6.28645,3.73385,7.54952E-15,7.55654E-15
0.39,6.26827,3.7471,6.66134E-15,6.66835E-15
0.3915,6.25077,3.76033,7.54952E-15,7.55658E-15
0.393,6.23397,3.77355,6.66134E-15,6.66841E-15
0.3945,6.21787,3.78676,7.10543E-15,7.11248E-15
0.396,6.20248,3.79995,6.66134E-15,6.6684E-15
0.3975,6.1878,3.81313,7.54952E-15,7.55659E-15
0.399,6.17384,3.82629,6.66134E-15,6.66852E-15
0.4005,6.15847,3.83344,0.008191,5.39499E-15
0.402,6.14607,3.83158,0.023191,6.40807E-15
0.4035,6.13439,3.8297,0.038191,5.64132E-15
0.405,6.12343,3.82781,0.053191,5.32213E-15
0.4065,6.11318,3.82591,0.068191,4.10783E-15
0.408,6.10363,3.82399,0.083191,5.10703E-15
0.4095,6.09478,3.82206,0.098191,2.9976E-15
0.411,6.08661,3.82011,0.113191,2.66454E-15
0.4125,6.07913,3.81815,0.128191,3.66374E-15
0.414,6.0723,3.81617,0.143191,1.55431E-15
0.4155,6.06613,3.81418,0.158191,2.10942E-15
0.417,6.06059,3.81218,0.173191,2.66454E-15
0.4185,6.05567,3.81016,0.188191,1.44329E-15
0.42,6.05135,3.80813,0.203191,1.55431E-15
0.4215,6.04762,3.80609,0.218191,1.66533E-15
0.423,6.04444,3.80403,0.233191,4.44089E-16
0.4245,6.04181,3.80196,0.248191,2.33147E-15
0.426,6.03969,3.79987,0.263191,2.44249E-15
0.4275,6.03806,3.79776,0.278191,2.55351E-15
0.429,6.03691,3.79565,0.293191,3.9968E-15
0.4305,6.03619,3.79352,0.308191,4.996E-15
0.432,6.03589,3.79137,0.323191,4.21885E-15
0.4335,6.03598,3.78921,0.338191,3.44169E-15
0.435,6.03643,3.78703,0.353191,4.44089E-15
0.4365,6.0372,3.78484,0.368191,3.66374E-15
0.438,6.03827,3.78264,0.383191,4.66294E-15
0.4395,6.03962,3.78042,0.398191,2.10942E-15
0.441,6.0412,3.77818,0.413191,3.55271E-15
0.4425,6.04298,3.77593,0.428191,1.88738E-15
0.444,6.04494,3.77367,0.443191,2.88658E-15
0.4455,6.04704,3.77139,0.458191,2.10942E-15
0.447,6.04924,3.7691,0.473191,3.55271E-15
0.4485,6.05152,3.76679,0.488191,3.21965E-15
0.45,6.05384,3.76446,0.503191,2.44249E-15
0.4515,6.05617,3.76212,0.518191,3.55271E-15
0.453,6.05848,3.75977,0.533191,2.44249E-15
0.4545,6.06073,3.7574,0.548191,3.10862E-15
0.456,6.06288,3.75501,0.563191,2.44249E-15
0.4575,6.06491,3.75261,0.578191,3.9968E-15
0.459,6.06678,3.7502,0.593191,3.33067E-15
0.4605,6.06847,3.74777,0.608191,4.44089E-15
0.462,6.06994,3.74532,0.623191,3.77476E-15
0.4635,6.07115,3.74286,0.638191,3.10862E-15
0.465,6.07208,3.74038,0.653191,2.88658E-15
0.4665,6.0727,3.73789,0.668191,4.44089E-15
0.468,6.07298,3.73538,0.683191,2.88658E-15
0.4695,6.0729,3.73285,0.698191,3.10862E-15
0.471,6.07241,3.73031,0.713191,3.77476E-15
0.4725,6.0715,3.72776,0.728191,2.22045E-15
0.474,6.07015,3.72518,0.743191,4.21885E-15
0.4755,6.06832,3.7226,0.758191,4.44089E-15
0.477,6.06599,3.71999,0.773191,2.88658E-15
0.4785,6.06315,3.71737,0.788191,4.44089E-15
0.48,6.05976,3.71474,0.803191,3.77476E-15
0.4815,6.05582,3.71209,0.818191,3.10862E-15
0.483,6.05129,3.70942,0.833191,3.33067E-15
0.4845,6.04617,3.70673,0.848191,3.55271E-15
0.486,6.04044,3.70403,0.863191,4.21885E-15
0.4875,6.03409,3.70132,0.878191,4.44089E-15
0.489,6.02709,3.69859,0.893191,4.66294E-15
0.4905,6.01944,3.69584,0.908191,4.44089E-15
0.492,6.01113,3.69307,0.923191,2.88658E-15
0.4935,6.00215,3.69029,0.938191,4.88498E-15
0.495,5.9925,3.68749,0.953191,3.33067E-15
0.4965,5.98216,3.68468,0.968191,2.66454E-15
0.498,5.97114,3.68185,0.983191,4.66294E-15
0.4995,5.95942,3.679,0.998191,4.44089E-15
0.501,5.94702,3.67614,1.01319,3.55271E-15
0.5025,5.93392,3.67325,1.02819,2.22045E-15
0.504,5.92014,3.67036,1.04319,2.22045E-15
0.5055,5.90568,3.66744,1.05819,2.22045E-15
0.507,5.89054,3.66451,1.07319,8.88178E-16
0.5085,5.87472,3.66157,1.08819,8.88178E-16
0.51,5.85825,3.6586,1.10319,1.77636E-15
0.5115,5.84112,3.65562,1.11819,1.77636E-15
0.513,5.82335,3.65262,1.13319,8.88178E-16
0.5145,5.80494,3.64961,1.14819,8.88178E-16
0.516,5.78593,3.64657,1.16319,1.11022E-15
0.5175,5.76632,3.64352,1.17819,2.22045E-15
0.519,5.74612,3.64046,1.19319,1.9984E-15
0.5205,5.72536,3.63737,1.20819,2.22045E-15
0.522,5.70406,3.63427,1.22319,4.66294E-15
0.5235,5.68224,3.63115,1.23819,6.21725E-15
0.525,5.65991,3.62802,1.25319,5.77316E-15
0.5265,5.63711,3.62487,1.26819,6.21725E-15
0.528,5.61385,3.6217,1.28319,3.77476E-15
0.5295,5.59017,3.61851,1.29819,1.77636E-15
0.531,5.56608,3.6153,1.31319,2.22045E-15
0.5325,5.54162,3.61208,1.32819,1.9984E-15
0.534,5.51682,3.60884,1.34319,1.9984E-15
0.5355,5.4917,3.60558,1.35819,1.9984E-15
0.537,5.46629,3.60231,1.37319,8.88178E-16
0.5385,5.44063,3.59902,1.38819,1.77636E-15
0.54,5.41474,3.59571,1.40319,2.66454E-15
0.5415,5.38865,3.59238,1.41819,0
0.543,5.36241,3.58903,1.43319,2.22045E-15
0.5445,5.33603,3.58567,1.44819,1.77636E-15
0.546,5.30956,3.58229,1.46319,8.88178E-16
0.5475,5.28302,3.57889,1.47819,-8.88178E-16
0.549,5.25646,3.57547,1.49319,-8.88178E-16
0.5505,5.22989,3.57203,1.50819,-4.44089E-16
0.552,5.20337,3.56858,1.52319,-2.22045E-15
0.5535,5.17691,3.56511,1.53819,-4.44089E-16
0.555,5.15056,3.56162,1.55319,-2.22045E-15
0.5565,5.12434,3.55811,1.56819,-1.33227E-15
0.558,5.09829,3.55458,1.58319,-3.33067E-15
0.5595,5.07244,3.55104,1.59819,-2.44249E-15
0.561,5.04682,3.54748,1.61319,-3.10862E-15
0.5625,5.02147,3.5439,1.62819,-3.55271E-15
0.564,4.99641,3.5403,1.64319,-2.66454E-15
0.5655,4.97168,3.53668,1.65819,-5.10703E-15
0.567,4.9473,3.53304,1.67319,-2.88658E-15
0.5685,4.92331,3.52939,1.68819,-2.88658E-15
0.57,4.89973,3.52572,1.70319,-4.21885E-15
0.5715,4.87659,3.52202,1.71819,-3.9968E-15
0.573,4.85392,3.51831,1.73319,-2.88658E-15
0.5745,4.83174,3.51459,1.74819,-5.77316E-15
0.576,4.81007,3.51084,1.76319,-5.77316E-15
0.5775,4.78894,3.50707,1.77819,-5.10703E-15
0.579,4.76837,3.50329,1.79319,-6.21725E-15
0.5805,4.74839,3.49948,1.80819,-7.32747E-15
0.582,4.729,3.49566,1.82319,-5.9952E-15
0.5835,4.71024,3.49182,1.83819,-7.10543E-15
0.585,4.69211,3.48796,1.85319,-5.10703E-15
0.5865,4.67463,3.48408,1.86819,-7.99361E-15
0.588,4.65782,3.48018,1.88319,-6.43929E-15
0.5895,4.64169,3.47626,1.89819,-6.66134E-15
0.591,4.62625,3.47233,1.91319,-7.77156E-15
0.5925,4.6115,3.46837,1.92819,-8.88178E-15
0.594,4.59747,3.4644,1.94319,-9.10383E-15
0.5955,4.58415,3.4604,1.95819,-1.06581E-14
0.597,4.57155,3.45639,1.97319,-7.99361E-15
0.5985,4.55967,3.45236,1.98819,-9.99201E-15
0.6,4.54852,3.4483,2.00319,-1.11022E-14
0.6015,4.53809,3.44423,2.01819,-1.02141E-14
0.603,4.52839,3.44014,2.03319,-1.02141E-14
0.6045,4.51941,3.43603,2.04819,-1.02141E-14
0.606,4.51116,3.4319,2.06319,-1.11022E-14
0.6075,4.50361,3.42776,2.07819,-9.32587E-15
0.609,4.49677,3.42359,2.09319,-1.02141E-14
0.6105,4.49062,3.4194,2.10819,-9.32587E-15
0.612,4.48516,3.41519,2.12319,-7.54952E-15
0.6135,4.48037,3.41096,2.13819,-9.76996E-15
0.615,4.47625,3.40672,2.15319,-9.76996E-15
0.6165,4.47277,3.40245,2.16819,-7.54952E-15
0.618,4.46992,3.39816,2.18319,-9.32587E-15
0.6195,4.46768,3.39386,2.19819,-7.54952E-15
0.621,4.46604,3.38953,2.21319,-8.43769E-15
0.6225,4.46497,3.38519,2.22819,-6.66134E-15
0.624,4.46446,3.38082,2.24319,-7.10543E-15
0.6255,4.46447,3.37643,2.25819,-6.66134E-15
0.627,4.46499,3.37203,2.27319,-7.54952E-15
0.6285,4.46599,3.3676,2.28819,-7.10543E-15
0.63,4.46745,3.36316,2.30319,-5.77316E-15
0.6315,4.46934,3.35869,2.31819,-4.88498E-15
0.633,4.47164,3.3542,2.33319,-3.10862E-15
0.6345,4.4743,3.3497,2.34819,-3.9968E-15
0.636,4.47731,3.34517,2.36319,-4.44089E-15
0.6375,4.48064,3.34062,2.37819,-3.9968E-15
0.639,4.48424,3.33606,2.39319,-3.9968E-15
0.6405,4.48811,3.33147,2.40819,-3.55271E-15
0.642,4.49219,3.32686,2.42319,-2.66454E-15
0.6435,4.49646,3.32223,2.43819,-3.10862E-15
0.645,4.50089,3.31758,2.45319,-3.10862E-15
0.6465,4.50545,3.31291,2.46819,-3.10862E-15
0.648,4.51009,3.30822,2.48319,-1.33227E-15
0.6495,4.51479,3.30351,2.49819,-2.22045E-15
0.651,4.51952,3.29878,2.51319,-1.33227E-15
0.6525,4.52424,3.29403,2.52819,-1.77636E-15
0.654,4.52892,3.28926,2.54319,-4.44089E-16
0.6555,4.53352,3.28447,2.55819,-4.44089E-16
0.657,4.53801,3.27965,2.57319,4.44089E-16
0.6585,4.54237,3.27482,2.58819,0
0.66,4.54655,3.26996,2.60319,8.88178E-16
0.6615,4.55052,3.26509,2.61819,1.77636E-15
0.663,4.55427,3.26019,2.63319,3.10862E-15
0.6645,4.55774,3.25527,2.64819,2.22045E-15
0.666,4.56092,3.25033,2.66319,2.66454E-15
0.6675,4.56377,3.24537,2.67819,3.10862E-15
0.669,4.56627,3.24039,2.69319,3.10862E-15
0.6705,4.56839,3.23539,2.70819,3.9968E-15
0.672,4.5701,3.23037,2.72319,3.9968E-15
0.6735,4.57137,3.22532,2.73819,5.77316E-15
0.675,4.57218,3.22026,2.75319,6.66134E-15
0.6765,4.57251,3.21517,2.76819,6.66134E-15
0.678,4.57234,3.21007,2.78319,7.54952E-15
0.6795,4.57163,3.20494,2.79819,6.66134E-15
0.681,4.57038,3.19979,2.81319,7.10543E-15
0.6825,4.56856,3.19461,2.82819,7.10543E-15
0.684,4.56616,3.18942,2.84319,8.43769E-15
0.6855,4.56315,3.18421,2.85819,8.43769E-15
0.687,4.55953,3.17897,2.87319,8.88178E-15
0.6885,4.55528,3.17371,2.88819,8.43769E-15
0.69,4.55038,3.16843,2.90319,1.02141E-14
0.6915,4.54484,3.16313,2.91819,1.02141E-14
0.693,4.53863,3.15781,2.93319,1.06581E-14
0.6945,4.53175,3.15247,2.94819,9.32587E-15
0.696,4.5242,3.1471,2.96319,9.32587E-15
0.6975,4.51596,3.14172,2.97819,1.11022E-14
0.699,4.50705,3.13631,2.99319,9.32587E-15
0.7005,4.49744,3.13088,3.00819,1.19904E-14
0.702,4.48716,3.12542,3.02319,1.11022E-14
0.7035,4.47619,3.11995,3.03819,1.02141E-14
0.705,4.46454,3.11445,3.05319,1.19904E-14
0.7065,4.45221,3.10894,3.06819,1.06581E-14
0.708,4.43922,3.1034,3.08319,1.11022E-14
0.7095,4.42557,3.09784,3.09819,1.19904E-14
0.711,4.41084,3.10286,3.10286,9.76996E-15
0.7125,4.39588,3.10755,3.10755,9.76996E-15
0.714,4.38029,3.11224,3.11224,9.32587E-15
0.7155,4.36408,3.11691,3.11691,9.76996E-15
0.717,4.34728,3.12158,3.12158,9.76996E-15
0.7185,4.32989,3.12623,3.12623,1.02141E-14
0.72,4.31194,3.13087,3.13087,9.76996E-15
0.7215,4.29344,3.1355,3.1355,1.02141E-14
0.723,4.27442,3.14012,3.14012,8.88178E-15
0.7245,4.2549,3.14473,3.14473,9.76996E-15
0.726,4.2349,3.14933,3.14933,9.32587E-15
0.7275,4.21444,3.15391,3.15391,7.99361E-15
0.729,4.19356,3.15849,3.15849,9.32587E-15
0.7305,4.17226,3.16305,3.16305,8.88178E-15
0.732,4.15059,3.1676,3.1676,1.02141E-14
0.7335,4.12858,3.17214,3.17214,9.32587E-15
0.735,4.10624,3.17667,3.17667,8.43769E-15
0.7365,4.08361,3.18119,3.18119,9.76996E-15
0.738,4.06072,3.1857,3.1857,7.54952E-15
0.7395,4.03759,3.19019,3.19019,7.99361E-15
0.741,4.01427,3.19468,3.19468,8.43769E-15
0.7425,3.99079,3.19915,3.19915,7.54952E-15
0.744,3.96717,3.20361,3.20361,7.10543E-15
0.7455,3.94344,3.20806,3.20806,6.66134E-15
0.747,3.91965,3.2125,3.2125,6.66134E-15
0.7485,3.89582,3.21693,3.21693,7.10543E-15
0.75,3.87199,3.22135,3.22135,7.99361E-15
0.7515,3.8482,3.22575,3.22575,7.99361E-15
0.753,3.82446,3.23014,3.23014,7.10543E-15
0.7545,3.80082,3.23453,3.23453,6.66134E-15
0.756,3.77732,3.2389,3.2389,6.66134E-15
0.7575,3.75397,3.24326,3.24326,7.10543E-15
0.759,3.73083,3.2476,3.2476,7.54952E-15
0.7605,3.70791,3.25194,3.25194,7.54952E-15
0.762,3.68525,3.25626,3.25626,7.10543E-15
0.7635,3.66288,3.26058,3.26058,7.54952E-15
0.765,3.64083,3.26488,3.26488,6.66134E-15
0.7665,3.61913,3.26917,3.26917,6.66134E-15
0.768,3.59782,3.27344,3.27344,6.66134E-15
0.7695,3.57691,3.27771,3.27771,6.66134E-15
0.771,3.55644,3.28197,3.28197,7.10543E-15
0.7725,3.53643,3.28621,3.28621,7.54952E-15
0.774,3.51691,3.29044,3.29044,6.21725E-15
0.7755,3.4979,3.29466,3.29466,6.66134E-15
0.777,3.47943,3.29887,3.29887,7.54952E-15
0.7785,3.46152,3.30306,3.30306,6.21725E-15
0.78,3.44418,3.30725,3.30725,7.10543E-15
0.7815,3.42745,3.31142,3.31142,7.54952E-15
0.783,3.41134,3.31558,3.31558,7.10543E-15
0.7845,3.39586,3.31973,3.31973,7.10543E-15
0.786,3.38103,3.32387,3.32387,7.54952E-15
0.7875,3.36687,3.328,3.328,7.10543E-15
0.789,3.35339,3.33211,3.33211,7.99361E-15
0.7905,3.34061,3.33621,3.33621,7.54952E-15
0.792,3.3366,3.3366,3.3366,7.10543E-15
0.7935,3.33548,3.33548,3.33548,7.10543E-15
0.795,3.3346,3.3346,3.3346,7.10543E-15
0.7965,3.33395,3.33395,3.33395,7.10543E-15
0.798,3.33353,3.33353,3.33353,7.10543E-15
0.7995,3.33334,3.33334,3.33334,7.10543E-15
0.801,3.3334,3.3334,3.3334,7.10543E-15
0.8025,3.33368,3.33368,3.33368,7.10543E-15
0.804,3.33421,3.33421,3.33421,7.10543E-15
0.8055,3.33496,3.33496,3.33496,7.10543E-15
0.807,3.33595,3.33595,3.33595,7.10543E-15
0.8085,3.33717,3.33717,3.33717,7.10543E-15
0.81,3.33861,3.33861,3.33861,7.10543E-15
0.8115,3.34028,3.34028,3.34028,7.10543E-15
0.813,3.34217,3.34217,3.34217,7.10543E-15
0.8145,3.34427,3.34427,3.34427,7.10543E-15
0.816,3.34659,3.34659,3.34659,7.10543E-15
0.8175,3.34911,3.34911,3.34911,7.10543E-15
0.819,3.35184,3.35184,3.35184,7.10543E-15
0.8205,3.35475,3.35475,3.35475,7.10543E-15
0.822,3.35786,3.35786,3.35786,7.10543E-15
0.8235,3.36115,3.36115,3.36115,7.10543E-15
0.825,3.36461,3.36461,3.36461,7.10543E-15
0.8265,3.36823,3.36823,3.36823,7.10543E-15
0.828,3.37202,3.37202,3.37202,7.10543E-15
0.8295,3.37595,3.37595,3.37595,7.10543E-15
0.831,3.38003,3.38003,3.38003,7.10543E-15
0.8325,3.38561,3.3842,3.3842,3.09974E-13
0.834,3.39113,3.38795,3.38795,1.06581E-14
0.8355,3.39701,3.3917,3.3917,2.2542E-12
0.837,3.40321,3.39543,3.39543,2.05969E-12
0.8385,3.40972,3.39914,3.39914,2.56906E-12
0.84,3.4165,3.40285,3.40285,2.86171E-12
0.8415,3.42351,3.40654,3.40654,2.84217E-12
0.843,3.43074,3.41022,3.41022,2.87548E-12
0.8445,3.43813,3.41389,3.41389,2.90079E-12
0.846,3.44567,3.41754,3.41754,2.84661E-12
0.8475,3.45331,3.42119,3.42119,2.74447E-12
0.849,3.46103,3.42482,3.42482,2.7085E-12
0.8505,3.4688,3.42844,3.42844,2.7276E-12
0.852,3.47657,3.43204,3.43204,2.76179E-12
0.8535,3.48431,3.43564,3.43564,2.79643E-12
0.855,3.492,3.43922,3.43922,2.82263E-12
0.8565,3.49959,3.44279,3.44279,2.84128E-12
0.858,3.50707,3.44634,3.44634,2.8586E-12
0.8595,3.51438,3.44989,3.44989,2.79776E-12
0.861,3.52151,3.45342,3.45342,2.67164E-12
0.8625,3.52842,3.45694,3.45694,2.38565E-12
0.864,3.53508,3.46044,3.46044,1.80256E-12
0.8655,3.54146,3.46394,3.46394,2.13696E-12
0.867,3.54753,3.46742,3.46742,2.33236E-12
0.8685,3.55326,3.47089,3.47089,2.4456E-12
0.87,3.55862,3.47434,3.47434,2.54508E-12
0.8715,3.56359,3.47779,3.47779,2.63167E-12
0.873,3.56814,3.48122,3.48122,2.70184E-12
0.8745,3.57224,3.48464,3.48464,2.75779E-12
0.876,3.57587,3.48804,3.48804,2.80531E-12
0.8775,3.579,3.49144,3.49144,2.84217E-12
0.879,3.58162,3.49482,3.49482,2.87415E-12
0.8805,3.58371,3.49819,3.49819,2.89901E-12
0.882,3.58524,3.50154,3.50154,2.91989E-12
0.8835,3.58619,3.50489,3.50489,2.93676E-12
0.885,3.58655,3.50822,3.50822,2.95008E-12
0.8865,3.58631,3.51153,3.51153,2.96163E-12
0.888,3.58545,3.51484,3.51484,2.92477E-12
0.8895,3.58395,3.51813,3.51813,2.85105E-12
0.891,3.5818,3.52141,3.52141,2.68452E-12
0.8925,3.57901,3.52468,3.52468,2.34612E-12
0.894,3.57555,3.52793,3.52793,1.67599E-12
0.8955,3.57142,3.53117,3.53117,3.33067E-13
0.897,3.56661,3.5344,3.5344,2.65521E-12
0.8985,3.56113,3.53762,3.53762,3.80673E-12
0.9,3.55598,3.54032,3.54032,4.43778E-12
0.9015,3.54892,3.54366,3.54366,4.4369E-12
0.903,3.54229,3.54229,3.54229,0.008191
0.9045,3.53668,3.53668,3.53668,0.023191
0.906,3.53084,3.53084,3.53084,0.038191
0.9075,3.52477,3.52477,3.52477,0.053191
0.909,3.51846,3.51846,3.51846,0.068191
0.9105,3.51193,3.51193,3.51193,0.083191
0.912,3.50518,3.50518,3.50518,0.098191
0.9135,3.49821,3.49821,3.49821,0.113191
0.915,3.49103,3.49103,3.49103,0.128191
0.9165,3.48363,3.48363,3.48363,0.143191
0.918,3.47604,3.47604,3.47604,0.158191
0.9195,3.46824,3.46824,3.46824,0.173191
0.921,3.46025,3.46025,3.46025,0.188191
0.9225,3.45208,3.45208,3.45208,0.203191
0.924,3.44373,3.44373,3.44373,0.218191
0.9255,3.4352,3.4352,3.4352,0.233191
0.927,3.42652,3.42652,3.42652,0.248191
0.9285,3.41768,3.41768,3.41768,0.263191
0.93,3.40869,3.40869,3.40869,0.278191
0.9315,3.39956,3.39956,3.39956,0.293191
0.933,3.39031,3.39031,3.39031,0.308191
0.9345,3.38094,3.38094,3.38094,0.323191
0.936,3.37145,3.37145,3.37145,0.338191
0.9375,3.36187,3.36187,3.36187,0.353191
0.939,3.3522,3.3522,3.3522,0.368191
0.9405,3.34245,3.34245,3.34245,0.383191
0.942,3.33263,3.33263,3.33263,0.398191
0.9435,3.32276,3.32276,3.32276,0.413191
0.945,3.31284,3.31284,3.31284,0.428191
0.9465,3.30288,3.30288,3.30288,0.443191
0.948,3.2929,3.2929,3.2929,0.458191
0.9495,3.2829,3.2829,3.2829,0.473191
0.951,3.2729,3.2729,3.2729,0.488191
0.9525,3.26291,3.26291,3.26291,0.503191
0.954,3.25294,3.25294,3.25294,0.518191
0.9555,3.243,3.243,3.243,0.533191
0.957,3.2331,3.2331,3.2331,0.548191
0.9585,3.22325,3.22325,3.22325,0.563191
0.96,3.21347,3.21347,3.21347,0.578191
0.9615,3.20376,3.20376,3.20376,0.593191
0.963,3.19413,3.19413,3.19413,0.608191
0.9645,3.1846,3.1846,3.1846,0.623191
0.966,3.17518,3.17518,3.17518,0.638191
0.9675,3.16586,3.16586,3.16586,0.653191
0.969,3.15668,3.15668,3.15668,0.668191
0.9705,3.14762,3.14762,3.14762,0.683191
0.972,3.13871,3.13871,3.13871,0.698191
0.9735,3.12995,3.12995,3.12995,0.713191
0.975,3.12135,3.12135,3.12135,0.728191
0.9765,3.11291,3.11291,3.11291,0.743191
0.978,3.10465,3.10465,3.10465,0.758191
0.9795,3.09657,3.09657,3.09657,0.773191
0.981,3.08868,3.08868,3.08868,0.788191
0.9825,3.08099,3.08099,3.08099,0.803191
0.984,3.0735,3.0735,3.0735,0.818191
0.9855,3.06621,3.06621,3.06621,0.833191
0.987,3.05914,3.05914,3.05914,0.848191
0.9885,3.05229,3.05229,3.05229,0.863191
0.99,3.04565,3.04565,3.04565,0.878191
0.9915,3.03924,3.03924,3.03924,0.893191
0.993,3.03306,3.03306,3.03306,0.908191
0.9945,3.0271,3.0271,3.0271,0.923191
0.996,3.02138,3.02138,3.02138,0.938191
0.9975,3.01589,3.01589,3.01589,0.953191
0.999,3.01064,3.01064,3.01064,0.968191
1.0005,3.00603,3.00593,3.00593,0.98215
1.002,3.00058,2.99861,2.99861,1.00329
1.0035,2.9976,2.99341,2.99341,1.01829
1.005,2.99534,2.98819,2.98819,1.03329
1.0065,2.9938,2.98295,2.98295,1.04829
1.008,2.99298,2.9777,2.9777,1.06329
1.0095,2.99287,2.97244,2.97244,1.07829
1.011,2.99346,2.96717,2.96717,1.09329
1.0125,2.99473,2.96188,2.96188,1.10829
1.014,2.99668,2.95658,2.95658,1.12329
1.0155,2.99929,2.95126,2.95126,1.13829
1.017,3.00254,2.94593,2.94593,1.15329
1.0185,3.00642,2.94059,2.94059,1.16829
1.02,3.01091,2.93524,2.93524,1.18329
1.0215,3.01599,2.92987,2.92987,1.19829
1.023,3.02164,2.92448,2.92448,1.21329
1.0245,3.02784,2.91909,2.91909,1.22829
1.026,3.03456,2.91368,2.91368,1.24329
1.0275,3.04178,2.90825,2.90825,1.25829
1.029,3.04948,2.90282,2.90282,1.27329
1.0305,3.05763,2.89737,2.89737,1.28829
1.032,3.06619,2.8919,2.8919,1.30329
1.0335,3.07516,2.88642,2.88642,1.31829
1.035,3.08448,2.88093,2.88093,1.33329
1.0365,3.09414,2.87543,2.87543,1.34829
1.038,3.10411,2.86991,2.86991,1.36329
1.0395,3.11435,2.86438,2.86438,1.37829
1.041,3.12483,2.85883,2.85883,1.39329
1.0425,3.13552,2.85327,2.85327,1.40829
1.044,3.14639,2.8477,2.8477,1.42329
1.0455,3.15741,2.84211,2.84211,1.43829
1.047,3.16854,2.83651,2.83651,1.45329
1.0485,3.17975,2.83089,2.83089,1.46829
1.05,3.191,2.82527,2.82527,1.48329
1.0515,3.20227,2.81962,2.81962,1.49829
1.053,3.21352,2.81397,2.81397,1.51329
1.0545,3.22471,2.8083,2.8083,1.52829
1.056,3.23582,2.80262,2.80262,1.54329
1.0575,3.24681,2.79692,2.79692,1.55829
1.059,3.25765,2.79121,2.79121,1.57329
1.0605,3.2683,2.78548,2.78548,1.58829
1.062,3.27874,2.77975,2.77975,1.60329
1.0635,3.28893,2.774,2.774,1.61829
1.065,3.29884,2.76823,2.76823,1.63329
1.0665,3.30845,2.76245,2.76245,1.64829
1.068,3.31773,2.75666,2.75666,1.66329
1.0695,3.32664,2.75085,2.75085,1.67829
1.071,3.33516,2.74503,2.74503,1.69329
1.0725,3.34326,2.7392,2.7392,1.70829
1.074,3.35092,2.73335,2.73335,1.72329
1.0755,3.35812,2.72749,2.72749,1.73829
1.077,3.36482,2.72161,2.72161,1.75329
1.0785,3.37101,2.71572,2.71572,1.76829
1.08,3.37667,2.70982,2.70982,1.78329
1.0815,3.38178,2.7039,2.7039,1.79829
1.083,3.38632,2.69797,2.69797,1.81329
1.0845,3.39026,2.69203,2.69203,1.82829
1.086,3.39361,2.68607,2.68607,1.84329
1.0875,3.39634,2.6801,2.6801,1.85829
1.089,3.39843,2.67411,2.67411,1.87329
1.0905,3.39989,2.66811,2.66811,1.88829
1.092,3.40069,2.6621,2.6621,1.90329
1.0935,3.40083,2.65607,2.65607,1.91829
1.095,3.40031,2.65003,2.65003,1.93329
1.0965,3.39911,2.64397,2.64397,1.94829
1.098,3.39724,2.6379,2.6379,1.96329
1.0995,3.39468,2.63182,2.63182,1.97829
1.101,3.39145,2.62572,2.62572,1.99329
1.1025,3.38754,2.61961,2.61961,2.00829
1.104,3.38296,2.61348,2.61348,2.02329
1.1055,3.3777,2.60735,2.60735,2.03829
1.107,3.37178,2.60119,2.60119,2.05329
1.1085,3.3652,2.59503,2.59503,2.06829
1.11,3.35797,2.58885,2.58885,2.08329
1.1115,3.3501,2.58265,2.58265,2.09829
1.113,3.3416,2.57644,2.57644,2.11329
1.1145,3.33249,2.57022,2.57022,2.12829
1.116,3.32278,2.56398,2.56398,2.14329
1.1175,3.31248,2.55773,2.55773,2.15829
1.119,3.30162,2.55147,2.55147,2.17329
1.1205,3.29021,2.54519,2.54519,2.18829
1.122,3.27826,2.5389,2.5389,2.20329
1.1235,3.26582,2.53259,2.53259,2.21829
1.125,3.25288,2.52627,2.52627,2.23329
1.1265,3.23949,2.51994,2.51994,2.24829
1.128,3.22566,2.51359,2.51359,2.26329
1.1295,3.21141,2.50723,2.50723,2.27829
1.131,3.19679,2.50085,2.50085,2.29329
1.1325,3.1818,2.49446,2.49446,2.30829
1.134,3.16649,2.48806,2.48806,2.32329
1.1355,3.15087,2.48164,2.48164,2.33829
1.137,3.13499,2.47521,2.47521,2.35329
1.1385,3.11887,2.46877,2.46877,2.36829
1.14,3.10254,2.46231,2.46231,2.38329
1.1415,3.08603,2.45583,2.45583,2.39829
1.143,3.06938,2.44934,2.44934,2.41329
1.1445,3.05262,2.44284,2.44284,2.42829
1.146,3.03577,2.43633,2.43633,2.44329
1.1475,3.02358,2.43912,2.43912,2.43912
1.149,3.00668,2.43976,2.43976,2.43976
1.1505,2.98979,2.44039,2.44039,2.44039
1.152,2.97295,2.44101,2.44101,2.44101
1.1535,2.95618,2.44162,2.44162,2.44162
1.155,2.93952,2.44222,2.44222,2.44222
1.1565,2.92301,2.44282,2.44282,2.44282
1.158,2.90667,2.4434,2.4434,2.4434
1.1595,2.89054,2.44398,2.44398,2.44398
1.161,2.87465,2.44454,2.44454,2.44454
1.1625,2.85904,2.4451,2.4451,2.4451
1.164,2.84372,2.44564,2.44564,2.44564
1.1655,2.82875,2.44618,2.44618,2.44618
1.167,2.81413,2.44671,2.44671,2.44671
1.1685,2.79991,2.44723,2.44723,2.44723
1.17,2.78611,2.44774,2.44774,2.44774
1.1715,2.77275,2.44824,2.44824,2.44824
1.173,2.75987,2.44873,2.44873,2.44873
1.1745,2.74749,2.44921,2.44921,2.44921
1.176,2.73564,2.44968,2.44968,2.44968
1.1775,2.72432,2.45014,2.45014,2.45014
1.179,2.71358,2.45059,2.45059,2.45059
1.1805,2.70343,2.45104,2.45104,2.45104
1.182,2.69389,2.45147,2.45147,2.45147
1.1835,2.68498,2.45189,2.45189,2.45189
1.185,2.67671,2.45231,2.45231,2.45231
1.1865,2.6691,2.45272,2.45272,2.45272
1.188,2.66216,2.45311,2.45311,2.45311
1.1895,2.65591,2.4535,2.4535,2.4535
1.191,2.65037,2.45388,2.45388,2.45388
1.1925,2.64552,2.45424,2.45424,2.45424
1.194,2.6414,2.4546,2.4546,2.4546
1.1955,2.638,2.45495,2.45495,2.45495
1.197,2.63533,2.45529,2.45529,2.45529
1.1985,2.63339,2.45562,2.45562,2.45562
1.2,2.63218,2.45594,2.45594,2.45594
1.2015,2.63171,2.45626,2.45626,2.45626
1.203,2.63197,2.45656,2.45656,2.45656
1.2045,2.63297,2.45685,2.45685,2.45685
1.206,2.63469,2.45713,2.45713,2.45713
1.2075,2.63713,2.45741,2.45741,2.45741
1.209,2.64029,2.45767,2.45767,2.45767
1.2105,2.64415,2.45793,2.45793,2.45793
1.212,2.64871,2.45817,2.45817,2.45817
1.2135,2.65395,2.45841,2.45841,2.45841
1.215,2.65986,2.45864,2.45864,2.45864
1.2165,2.66643,2.45886,2.45886,2.45886
1.218,2.67364,2.45906,2.45906,2.45906
1.2195,2.68146,2.45926,2.45926,2.45926
1.221,2.6899,2.45945,2.45945,2.45945
1.2225,2.69891,2.45963,2.45963,2.45963
1.224,2.70849,2.4598,2.4598,2.4598
1.2255,2.71861,2.45996,2.45996,2.45996
1.227,2.72924,2.46012,2.46012,2.46012
1.2285,2.74037,2.46026,2.46026,2.46026
1.23,2.75196,2.46039,2.46039,2.46039
1.2315,2.76399,2.46051,2.46051,2.46051
1.233,2.77643,2.46063,2.46063,2.46063
1.2345,2.78926,2.46073,2.46073,2.46073
1.236,2.80244,2.46083,2.46083,2.46083
1.2375,2.81594,2.46091,2.46091,2.46091
1.239,2.82974,2.46099,2.46099,2.46099
1.2405,2.84381,2.46106,2.46106,2.46106
1.242,2.8581,2.46111,2.46111,2.46111
1.2435,2.87259,2.46116,2.46116,2.46116
1.245,2.88725,2.4612,2.4612,2.4612
1.2465,2.90204,2.46123,2.46123,2.46123
1.248,2.91693,2.46125,2.46125,2.46125
1.2495,2.93189,2.46126,2.46126,2.46126
1.251,2.94496,2.46126,2.46126,2.46126
1.2525,2.96401,2.46126,2.46126,2.46126
1.254,2.97891,2.46126,2.46126,2.46126
1.2555,2.9937,2.46126,2.46126,2.46126
1.257,3.00837,2.46126,2.46126,2.46126
1.2585,3.02287,2.46126,2.46126,2.46126
1.26,3.03718,2.46126,2.46126,2.46126
1.2615,3.05126,2.46126,2.46126,2.46126
1.263,3.06508,2.46126,2.46126,2.46126
1.2645,3.07861,2.46126,2.46126,2.46126
1.266,3.09182,2.46126,2.46126,2.46126
1.2675,3.10468,2.46126,2.46126,2.46126
1.269,3.11716,2.46126,2.46126,2.46126
1.2705,3.12924,2.46126,2.46126,2.46126
1.272,3.14089,2.46126,2.46126,2.46126
1.2735,3.15207,2.46126,2.46126,2.46126
1.275,3.16278,2.46126,2.46126,2.46126
1.2765,3.17298,2.46126,2.46126,2.46126
1.278,3.18264,2.46126,2.46126,2.46126
1.2795,3.19176,2.46126,2.46126,2.46126
1.281,3.20031,2.46126,2.46126,2.46126
1.2825,3.20826,2.46126,2.46126,2.46126
1.284,3.21561,2.46126,2.46126,2.46126
1.2855,3.22233,2.46126,2.46126,2.46126
1.287,3.22842,2.46126,2.46126,2.46126
1.2885,3.23385,2.46126,2.46126,2.46126
1.29,3.23862,2.46126,2.46126,2.46126
1.2915,3.24271,2.46126,2.46126,2.46126
1.293,3.24612,2.46126,2.46126,2.46126
1.2945,3.24884,2.46126,2.46126,2.46126
1.296,3.25086,2.46126,2.46126,2.46126
1.2975,3.25217,2.46126,2.46126,2.46126
1.299,3.25278,2.46126,2.46126,2.46126
1.3005,3.25269,2.46126,2.46126,2.46126
1.302,3.25189,2.46126,2.46126,2.46126
1.3035,3.25038,2.46126,2.46126,2.46126
1.305,3.24817,2.46126,2.46126,2.46126
1.3065,3.24527,2.46126,2.46126,2.46126
1.308,3.24167,2.46126,2.46126,2.46126
1.3095,3.2374,2.46126,2.46126,2.46126
1.311,3.23245,2.46126,2.46126,2.46126
1.3125,3.22684,2.46126,2.46126,2.46126
1.314,3.22058,2.46126,2.46126,2.46126
1.3155,3.21368,2.46126,2.46126,2.46126
1.317,3.20617,2.46126,2.46126,2.46126
1.3185,3.19805,2.46126,2.46126,2.46126
1.32,3.18935,2.46126,2.46126,2.46126
1.3215,3.18008,2.46126,2.46126,2.46126
1.323,3.17027,2.46126,2.46126,2.46126
1.3245,3.15993,2.46126,2.46126,2.46126
1.326,3.1491,2.46126,2.46126,2.46126
1.3275,3.13778,2.46126,2.46126,2.46126
1.329,3.12602,2.46126,2.46126,2.46126
1.3305,3.11383,2.46126,2.46126,2.46126
1.332,3.10124,2.46126,2.46126,2.46126
1.3335,3.08828,2.46126,2.46126,2.46126
1.335,3.07498,2.46126,2.46126,2.46126
1.3365,3.06137,2.46126,2.46126,2.46126
1.338,3.04748,2.46126,2.46126,2.46126
1.3395,3.03333,2.46126,2.46126,2.46126
1.341,3.01897,2.46126,2.46126,2.46126
1.3425,3.00442,2.46126,2.46126,2.46126
1.344,2.98971,2.46126,2.46126,2.46126
1.3455,2.97488,2.46126,2.46126,2.46126
1.347,2.95996,2.46126,2.46126,2.46126
1.3485,2.94499,2.46126,2.46126,2.46126
1.35,2.92999,2.46126,2.46126,2.46126
1.3515,2.915,2.46126,2.46126,2.46126
1.353,2.90006,2.46126,2.46126,2.46126
1.3545,2.88519,2.46126,2.46126,2.46126
1.356,2.87043,2.46126,2.46126,2.46126
1.3575,2.85582,2.46126,2.46126,2.46126
1.359,2.84138,2.46126,2.46126,2.46126
1.3605,2.82714,2.46126,2.46126,2.46126
1.362,2.81314,2.46126,2.46126,2.46126
1.3635,2.79942,2.46126,2.46126,2.46126
1.365,2.78599,2.46126,2.46126,2.46126
1.3665,2.77289,2.46126,2.46126,2.46126
1.368,2.76016,2.46126,2.46126,2.46126
1.3695,2.7478,2.46126,2.46126,2.46126
1.371,2.73587,2.46126,2.46126,2.46126
1.3725,2.72437,2.46126,2.46126,2.46126
1.374,2.71334,2.46126,2.46126,2.46126
1.3755,2.70281,2.46126,2.46126,2.46126
1.377,2.69278,2.46126,2.46126,2.46126
1.3785,2.6833,2.46126,2.46126,2.46126
1.38,2.67437,2.46126,2.46126,2.46126
1.3815,2.66602,2.46126,2.46126,2.46126
1.383,2.65826,2.46126,2.46126,2.46126
1.3845,2.65112,2.46126,2.46126,2.46126
1.386,2.64461,2.46126,2.46126,2.46126
1.3875,2.63874,2.46126,2.46126,2.46126
1.389,2.63352,2.46126,2.46126,2.46126
1.3905,2.62898,2.46126,2.46126,2.46126
1.392,2.62512,2.46126,2.46126,2.46126
1.3935,2.62194,2.46126,2.46126,2.46126
1.395,2.61945,2.46126,2.46126,2.46126
1.3965,2.61767,2.46126,2.46126,2.46126
1.398,2.61659,2.46126,2.46126,2.46126
1.3995,2.61621,2.46126,2.46126,2.46126
1.401,2.61654,2.46126,2.46126,2.46126
1.4025,2.61758,2.46126,2.46126,2.46126
1.404,2.61932,2.46126,2.46126,2.46126
1.4055,2.62176,2.46126,2.46126,2.46126
1.407,2.6249,2.46126,2.46126,2.46126
1.4085,2.62872,2.46126,2.46126,2.46126
1.41,2.63322,2.46126,2.46126,2.46126
1.4115,2.63839,2.46126,2.46126,2.46126
1.413,2.64422,2.46126,2.46126,2.46126
1.4145,2.65069,2.46126,2.46126,2.46126
1.416,2.65779,2.46126,2.46126,2.46126
1.4175,2.66551,2.46126,2.46126,2.46126
1.419,2.67382,2.46126,2.46126,2.46126
1.4205,2.68272,2.46126,2.46126,2.46126
1.422,2.69217,2.46126,2.46126,2.46126
1.4235,2.70216,2.46126,2.46126,2.46126
1.425,2.71267,2.46126,2.46126,2.46126
1.4265,2.72366,2.46126,2.46126,2.46126
1.428,2.73513,2.46126,2.46126,2.46126
1.4295,2.74704,2.46126,2.46126,2.46126
1.431,2.75937,2.46126,2.46126,2.46126
1.4325,2.77208,2.46126,2.46126,2.46126
1.434,2.78516,2.46126,2.46126,2.46126
1.4355,2.79856,2.46126,2.46126,2.46126
1.437,2.81227,2.46126,2.46126,2.46126
1.4385,2.82625,2.46126,2.46126,2.46126
1.44,2.84047,2.46126,2.46126,2.46126
1.4415,2.8549,2.46126,2.46126,2.46126
1.443,2.86951,2.46126,2.46126,2.46126
1.4445,2.88426,2.46126,2.46126,2.46126
1.446,2.89912,2.46126,2.46126,2.46126
1.4475,2.91406,2.46126,2.46126,2.46126
1.449,2.92905,2.46126,2.46126,2.46126
1.4505,2.94405,2.46126,2.46126,2.46126
1.452,2.95902,2.46126,2.46126,2.46126
1.4535,2.97395,2.46126,2.46126,2.46126
1.455,2.98878,2.46126,2.46126,2.46126
1.4565,3.0035,2.46126,2.46126,2.46126
1.458,3.01806,2.46126,2.46126,2.46126
1.4595,3.03243,2.46126,2.46126,2.46126
1.461,3.04659,2.46126,2.46126,2.46126
1.4625,3.0605,2.46126,2.46126,2.46126
1.464,3.07413,2.46126,2.46126,2.46126
1.4655,3.08745,2.46126,2.46126,2.46126
1.467,3.10043,2.46126,2.46126,2.46126
1.4685,3.11305,2.46126,2.46126,2.46126
1.47,3.12526,2.46126,2.46126,2.46126
1.4715,3.13705,2.46126,2.46126,2.46126
1.473,3.1484,2.46126,2.46126,2.46126
1.4745,3.15927,2.46126,2.46126,2.46126
1.476,3.16963,2.46126,2.46126,2.46126
1.4775,3.17948,2.46126,2.46126,2.46126
1.479,3.18878,2.46126,2.46126,2.46126
1.4805,3.19752,2.46126,2.46126,2.46126
1.482,3.20568,2.46126,2.46126,2.46126
1.4835,3.21323,2.46126,2.46126,2.46126
1.485,3.22016,2.46126,2.46126,2.46126
1.4865,3.22646,2.46126,2.46126,2.46126
1.488,3.23211,2.46126,2.46126,2.46126
1.4895,3.2371,2.46126,2.46126,2.46126
1.491,3.24142,2.46126,2.46126,2.46126
1.4925,3.24506,2.46126,2.46126,2.46126
1.494,3.24801,2.46126,2.46126,2.46126
1.4955,3.25026,2.46126,2.46126,2.46126
1.497,3.25181,2.46126,2.46126,2.46126
1.4985,3.25266,2.46126,2.46126,2.46126
1.5,3.25283,2.46126,2.46126,2.46126
